0 946
0 22
0 887
0 539
946 0
946 968
946 264
243 887
22 0
486 680
486 968
887 0
887 243
680 486
968 946
968 486
264 946
539 0
539 463
860 463
463 539
463 860
225 130
225 677
1 130
1 840
130 225
130 1
419 840
677 225
677 840
375 840
840 1
840 419
840 677
840 375
2 16
2 691
2 795
2 476
2 381
451 850
579 967
967 579
967 309
967 871
967 185
967 331
967 911
967 271
8 920
331 309
331 967
331 185
331 271
911 967
271 692
271 309
271 967
271 185
271 331
912 368
912 481
912 850
912 691
912 371
912 742
16 465
16 2
16 691
16 938
16 172
16 303
465 16
465 371
465 790
465 938
465 58
465 219
465 127
850 912
850 817
850 451
850 371
850 53
850 742
850 215
850 476
339 368
339 871
790 465
790 371
215 368
215 850
215 691
215 371
215 53
215 742
215 427
215 315
215 127
920 368
920 691
920 742
920 8
920 476
922 381
795 2
219 465
859 692
859 821
476 368
476 2
476 850
476 691
476 371
476 742
476 920
476 172
476 303
481 912
742 912
742 850
742 691
742 371
742 117
742 53
742 215
742 920
742 427
742 476
742 127
935 821
935 381
871 339
871 967
938 16
938 465
427 117
427 742
427 215
172 16
172 691
172 476
172 303
303 16
303 691
303 476
303 172
368 912
368 339
368 691
368 371
368 53
368 821
368 215
368 920
368 185
368 476
368 127
817 850
817 371
691 2
691 742
691 172
691 303
691 912
691 16
691 368
691 371
691 53
691 821
691 215
691 920
691 476
691 127
371 742
371 912
371 368
371 465
371 817
371 850
371 691
371 757
371 53
371 790
371 215
371 476
371 127
692 821
692 859
692 381
692 271
757 371
757 127
117 742
117 427
53 368
53 850
53 691
53 371
53 742
53 215
821 368
821 691
821 692
821 935
821 859
821 381
309 967
309 185
309 331
309 271
185 368
185 309
185 967
185 331
185 271
58 465
315 215
381 2
381 692
381 821
381 935
381 922
127 368
127 465
127 691
127 371
127 757
127 742
127 215
97 213
97 806
866 213
866 92
3 806
213 97
213 866
806 97
806 3
806 855
806 873
855 806
873 806
92 866
4 69
4 726
4 123
69 4
69 276
69 726
69 123
554 479
746 145
746 947
202 145
202 726
145 82
145 726
145 746
145 202
82 145
947 746
947 670
276 69
726 145
726 4
726 69
726 202
726 123
123 4
123 69
123 726
670 947
670 479
479 554
479 670
512 557
516 535
517 132
5 548
5 644
5 773
5 214
5 666
5 906
5 603
523 348
523 270
524 915
528 182
528 230
528 502
529 340
529 585
529 921
529 348
529 750
529 63
529 623
17 676
17 265
17 908
17 557
17 445
17 63
530 593
530 369
530 466
530 851
530 933
530 86
530 278
530 729
530 762
530 607
530 687
535 833
535 387
535 516
535 100
535 438
541 436
541 54
542 438
542 603
542 173
542 767
31 340
31 182
31 585
547 403
547 184
547 697
548 480
548 227
548 5
548 773
548 984
548 666
548 317
549 737
549 231
549 430
552 978
552 307
552 158
553 833
553 387
43 978
43 414
555 91
557 512
557 17
557 982
558 453
558 438
558 74
558 106
558 749
558 559
559 453
559 231
559 359
559 749
559 558
560 359
560 170
560 762
560 687
48 116
48 454
48 174
52 801
52 851
52 84
52 885
52 170
52 762
52 687
52 959
54 265
54 156
54 541
54 94
55 893
57 928
57 418
57 147
57 851
57 885
57 494
57 687
59 279
59 687
60 305
60 401
60 179
60 917
60 187
60 747
60 77
60 959
63 529
63 17
63 94
63 814
576 585
64 355
64 222
65 593
65 434
65 630
65 74
65 813
65 414
578 858
67 497
67 807
67 504
67 79
580 454
580 664
580 424
580 317
72 801
72 118
72 972
72 687
584 645
584 477
585 576
585 529
585 854
585 459
585 669
585 31
585 671
74 65
74 418
74 434
74 644
74 820
74 603
74 235
74 558
74 767
587 854
587 508
588 644
588 436
77 305
77 497
77 964
77 823
77 281
77 60
77 396
77 959
78 129
78 699
78 671
79 497
79 67
79 807
79 248
593 65
593 369
593 530
593 196
593 278
593 729
593 605
593 687
593 767
84 52
84 196
84 508
84 462
86 530
86 851
86 729
86 762
598 194
598 95
600 177
600 497
600 124
600 908
600 173
601 645
91 834
91 978
91 195
91 230
91 647
91 555
91 107
91 876
91 988
603 179
603 100
603 644
603 820
603 5
603 231
603 807
603 74
603 173
603 542
603 430
603 767
93 760
605 240
605 593
605 953
605 606
94 54
94 889
94 63
94 623
94 671
606 885
606 664
606 107
606 605
607 530
607 293
95 598
95 359
100 210
100 438
100 535
100 603
100 767
616 357
616 732
616 477
106 558
107 176
107 834
107 676
107 91
107 908
107 606
108 270
621 418
621 434
622 257
622 258
622 882
622 699
622 669
622 222
623 529
623 418
623 94
624 837
113 224
627 240
116 48
116 928
116 248
116 174
630 65
630 966
118 801
118 72
121 248
121 312
121 699
121 988
634 242
634 148
634 436
634 982
634 394
634 380
634 908
634 173
124 600
124 889
126 737
126 644
126 231
126 807
638 996
638 773
638 396
638 669
639 196
639 485
128 424
641 915
641 823
641 999
641 270
129 480
129 227
129 78
131 180
131 933
131 908
132 517
132 235
132 908
644 224
644 737
644 5
644 231
644 807
644 74
644 603
644 588
644 732
644 828
644 126
645 928
645 177
645 209
645 584
645 601
645 313
134 663
134 207
647 230
647 91
647 988
650 224
650 953
650 414
654 305
654 964
656 434
656 827
147 57
148 209
148 982
148 889
148 634
148 394
662 288
662 972
663 134
663 438
664 580
664 999
664 508
664 606
664 270
666 548
666 5
666 773
156 54
669 257
669 434
669 996
669 933
669 312
669 585
669 622
669 638
158 480
158 833
158 978
158 214
158 552
671 854
671 712
671 585
671 508
671 78
671 94
671 222
676 176
676 17
676 306
676 418
676 281
676 107
676 430
164 359
164 760
681 242
681 403
681 436
681 280
681 170
681 380
170 560
170 497
170 52
170 807
170 359
170 344
170 681
173 982
173 600
173 281
173 889
173 634
173 394
173 603
173 542
173 767
174 48
174 195
174 116
687 801
687 72
687 747
687 560
687 593
687 530
687 466
687 851
687 52
687 885
687 57
687 729
687 762
687 59
176 851
176 676
176 372
176 310
176 279
176 281
176 762
176 394
176 107
177 321
177 227
177 645
177 277
177 600
177 394
177 908
179 305
179 603
179 60
180 131
180 814
693 480
693 307
693 508
693 797
693 989
182 528
182 434
182 773
182 502
182 31
695 870
184 547
184 390
184 187
697 209
697 547
697 350
698 789
698 699
698 222
186 737
186 231
186 807
186 732
699 121
699 698
699 893
699 78
699 622
187 917
187 184
187 60
194 598
194 797
195 321
195 882
195 307
195 851
195 230
195 966
195 424
195 729
195 91
195 876
195 861
195 174
196 593
196 84
196 462
196 639
708 240
708 350
712 355
712 797
712 671
716 434
207 837
207 134
207 348
207 222
209 148
209 645
209 697
210 100
210 317
725 288
725 828
214 433
214 978
214 979
214 836
214 5
214 773
214 158
727 747
729 593
729 530
729 195
729 851
729 86
729 762
729 687
729 783
732 737
732 644
732 231
732 616
732 186
732 828
222 64
222 226
222 312
222 698
222 622
222 671
222 207
224 113
224 644
224 836
224 650
224 394
224 942
737 644
737 549
737 231
737 807
737 186
737 732
737 828
737 126
737 799
226 227
226 222
227 129
227 177
227 226
227 548
227 984
227 430
230 528
230 195
230 647
230 91
231 737
231 242
231 644
231 549
231 807
231 186
231 603
231 732
231 126
231 430
231 559
747 727
747 762
747 60
747 687
235 257
235 418
235 434
235 132
235 438
235 74
235 971
235 767
749 558
749 559
750 529
240 627
240 708
240 502
240 953
240 605
242 403
242 436
242 231
242 280
242 681
242 634
242 380
248 928
248 321
248 116
248 424
248 121
248 953
248 971
248 79
760 164
760 359
760 984
760 265
760 93
762 560
762 176
762 530
762 851
762 52
762 372
762 86
762 454
762 792
762 729
762 747
762 687
767 593
767 434
767 100
767 485
767 74
767 906
767 603
767 235
767 173
767 542
768 982
768 508
257 434
257 235
257 971
257 669
257 622
258 893
258 622
261 280
773 288
773 548
773 996
773 5
773 485
773 182
773 214
773 502
773 666
773 638
265 17
265 306
265 54
265 760
265 984
265 443
265 380
265 430
270 641
270 999
270 664
270 523
270 108
270 348
783 729
785 390
785 950
785 972
277 177
789 698
789 317
278 593
278 530
278 851
279 176
279 59
279 283
792 762
280 242
280 436
280 261
280 681
280 959
281 865
281 676
281 964
281 870
281 394
281 77
281 173
281 176
281 305
281 310
281 823
281 443
281 959
283 279
797 194
797 693
797 293
797 712
799 737
799 828
288 725
288 773
288 662
288 828
801 834
801 851
801 52
801 885
801 118
801 72
801 687
293 480
293 854
293 797
293 813
293 861
293 607
807 737
807 497
807 67
807 644
807 231
807 170
807 186
807 603
807 126
807 430
807 79
813 65
813 293
813 854
814 180
814 63
305 179
305 964
305 823
305 281
305 60
305 77
305 654
305 959
306 676
306 265
306 443
307 195
307 693
307 438
307 552
307 424
820 74
820 603
820 827
310 176
310 851
310 281
310 953
310 394
823 641
823 305
823 497
823 915
823 999
823 281
823 77
823 959
312 933
312 121
312 669
312 222
313 645
313 317
827 656
827 820
828 288
828 737
828 355
828 644
828 725
828 732
828 799
317 210
317 548
317 580
317 789
317 313
833 978
833 387
833 485
833 535
833 553
833 158
321 480
321 177
321 195
321 248
834 801
834 978
834 851
834 979
834 885
834 91
834 107
836 224
836 214
837 624
837 348
837 207
851 801
851 834
851 195
851 687
851 176
851 530
851 52
851 885
851 86
851 278
851 310
851 982
851 57
851 729
851 762
851 861
340 529
340 430
340 31
854 480
854 293
854 585
854 587
854 459
854 813
854 671
344 359
344 170
858 578
858 971
348 529
348 837
348 523
348 270
348 207
861 993
861 195
861 851
861 293
861 876
350 355
350 708
350 357
350 697
865 281
865 906
355 64
355 712
355 828
355 956
355 350
357 616
357 350
870 695
870 281
870 443
359 560
359 164
359 760
359 344
359 170
359 396
359 559
359 95
876 195
876 454
876 889
876 91
876 861
369 593
369 530
369 387
882 195
882 622
372 176
372 762
885 801
885 834
885 851
885 52
885 57
885 606
885 494
885 687
889 148
889 982
889 394
889 124
889 876
889 173
889 94
380 242
380 403
380 436
380 681
380 265
380 634
380 396
893 258
893 55
893 699
387 833
387 369
387 482
387 485
387 535
387 553
387 942
390 785
390 184
390 953
394 176
394 224
394 177
394 148
394 310
394 982
394 281
394 889
394 634
394 173
906 865
906 5
906 767
396 359
396 380
396 77
396 638
908 17
908 177
908 131
908 132
908 453
908 600
908 634
908 107
401 454
401 60
915 641
915 823
915 524
403 242
403 547
403 436
403 681
403 380
917 950
917 187
917 60
921 529
921 477
414 65
414 650
414 43
928 116
928 645
928 248
928 57
418 434
418 676
418 438
418 57
418 74
418 235
418 621
418 623
933 530
933 131
933 996
933 312
933 669
424 128
424 195
424 307
424 580
424 248
942 224
942 387
430 227
430 676
430 340
430 549
430 231
430 807
430 984
430 265
430 603
433 978
433 214
434 656
434 65
434 257
434 418
434 182
434 966
434 74
434 235
434 716
434 621
434 669
434 767
436 242
436 403
436 453
436 280
436 681
436 634
436 588
436 380
436 541
438 418
438 307
438 100
438 535
438 663
438 235
438 542
438 558
950 785
950 917
953 240
953 310
953 390
953 248
953 650
953 605
443 306
443 870
443 265
443 281
956 355
445 17
959 305
959 52
959 964
959 823
959 280
959 281
959 60
959 77
964 305
964 281
964 77
964 654
964 959
453 436
453 908
453 558
453 559
966 434
966 195
966 630
966 454
454 48
454 401
454 580
454 966
454 762
454 876
459 854
459 585
971 257
971 248
971 858
971 235
972 785
972 662
972 72
462 84
462 196
978 480
978 833
978 433
978 834
978 979
978 214
978 552
978 43
978 91
978 158
466 530
466 687
979 834
979 978
979 214
982 768
982 851
982 148
982 889
982 634
982 394
982 557
982 173
984 227
984 548
984 760
984 265
984 430
988 647
988 121
988 91
989 693
989 508
477 584
477 616
477 921
480 129
480 321
480 978
480 548
480 693
480 293
480 854
480 158
993 861
482 387
996 773
996 933
996 669
996 638
485 833
485 387
485 773
485 639
485 767
999 641
999 823
999 664
999 270
494 885
494 57
497 67
497 807
497 823
497 600
497 170
497 77
497 79
502 528
502 240
502 773
502 182
504 67
508 768
508 84
508 693
508 664
508 587
508 989
508 671
513 704
513 292
513 25
513 829
515 816
515 880
515 772
515 904
515 268
6 208
6 7
7 6
7 686
9 449
9 658
9 722
9 755
9 758
9 536
9 345
12 192
12 33
12 545
525 816
525 880
525 25
527 640
527 407
18 289
19 595
531 888
531 940
531 637
21 228
21 812
534 904
534 926
24 913
24 628
536 546
536 722
536 758
536 168
536 9
536 345
25 513
25 626
25 292
25 525
538 141
32 640
32 765
33 835
33 343
33 12
545 704
545 192
545 208
545 626
545 761
545 12
545 428
545 413
545 655
546 192
546 896
546 913
546 722
546 758
546 886
546 536
546 345
546 46
546 447
546 495
36 901
36 631
36 507
37 356
37 581
37 428
550 805
550 949
550 567
550 360
550 890
550 205
38 886
39 385
39 197
39 583
39 75
41 498
41 565
41 133
41 631
41 846
556 869
556 250
46 849
46 546
46 658
46 722
46 755
46 758
46 648
46 250
46 973
51 444
564 880
564 467
565 896
565 802
565 197
565 166
565 583
565 295
565 41
565 75
565 939
565 845
565 846
565 849
565 822
565 567
567 802
567 835
567 565
567 197
567 805
567 550
567 822
567 295
567 360
567 890
567 655
572 913
572 595
572 812
581 356
581 37
581 428
581 509
583 565
583 39
583 319
75 802
75 835
75 565
75 197
75 39
75 295
75 360
75 890
75 939
595 704
595 192
595 770
595 19
595 572
89 940
89 733
609 944
609 962
609 104
609 842
104 609
104 842
104 927
618 904
626 192
626 208
626 545
626 292
626 25
626 761
626 345
626 347
626 939
626 719
628 913
628 24
628 458
631 449
631 322
631 36
631 772
631 901
631 998
631 200
631 41
631 809
631 489
631 682
631 237
631 816
631 944
631 498
631 507
631 509
120 498
120 771
635 197
635 805
635 166
635 774
637 689
637 531
637 149
637 679
637 711
637 888
637 765
640 32
640 771
640 527
643 842
643 700
133 144
133 816
133 880
133 384
133 849
133 962
133 886
133 998
133 41
133 377
133 444
133 846
136 704
136 425
136 428
648 385
648 322
648 659
648 163
648 812
648 46
141 538
141 507
141 846
655 545
655 881
655 835
655 567
655 295
655 939
143 289
143 739
143 218
144 384
144 962
144 133
144 886
144 377
144 409
144 846
658 722
658 755
658 758
658 9
658 250
658 397
658 46
659 835
659 648
659 809
659 812
149 637
150 178
150 437
150 151
150 295
150 378
151 150
665 289
665 407
665 888
157 385
157 163
157 812
163 391
163 648
163 425
163 842
163 812
163 157
678 326
678 809
678 489
678 765
166 384
166 241
166 388
166 565
166 197
166 774
166 439
166 635
166 923
166 700
166 349
679 842
679 637
167 689
167 869
167 986
167 349
167 815
167 447
168 722
168 536
169 241
682 631
686 7
689 167
689 407
689 637
689 237
689 765
178 437
178 150
183 765
700 643
700 197
700 166
700 439
700 890
189 275
704 513
704 545
704 770
704 595
704 391
704 136
704 425
704 347
704 428
192 545
192 961
192 546
192 626
192 595
192 356
192 761
192 12
197 835
197 166
197 774
197 39
197 75
197 495
197 241
197 565
197 567
197 439
197 635
197 923
197 700
710 945
710 961
710 717
710 447
711 842
711 637
200 631
717 945
717 961
717 710
717 733
205 550
205 379
205 351
719 881
719 385
719 626
720 360
208 545
208 626
208 6
722 849
722 546
722 658
722 755
722 758
722 455
722 536
722 168
722 9
722 250
722 397
722 46
211 326
211 842
211 765
217 880
218 740
218 237
218 143
733 945
733 89
733 717
739 289
739 143
228 21
228 332
740 903
740 218
740 237
232 391
745 849
237 816
237 689
237 740
237 981
237 631
237 218
237 926
241 802
241 197
241 166
241 169
754 944
755 849
755 658
755 722
755 758
755 9
755 345
755 250
755 46
758 849
758 546
758 658
758 722
758 755
758 455
758 536
758 9
758 345
758 250
758 46
758 846
247 384
247 361
761 192
761 545
761 626
761 428
250 849
250 658
250 722
250 755
250 758
250 455
250 888
250 345
250 556
250 349
250 397
250 46
253 337
765 32
765 689
765 449
765 211
765 678
765 326
765 183
765 809
765 489
765 637
256 358
256 343
770 704
770 595
771 640
771 120
771 507
772 816
772 880
772 515
772 631
774 356
774 197
774 166
774 635
774 923
268 849
268 515
268 495
275 816
275 384
275 189
788 949
796 835
796 943
289 18
289 739
289 407
289 665
289 507
289 143
802 241
802 385
802 565
802 567
802 295
802 75
802 923
802 939
802 829
292 513
292 626
292 25
292 347
805 550
805 567
805 360
805 890
805 635
295 802
295 835
295 75
295 939
295 655
295 464
295 565
295 437
295 150
295 822
295 567
295 439
295 378
295 830
809 659
809 678
809 631
809 489
809 765
812 659
812 163
812 21
812 648
812 425
812 572
812 157
301 945
301 973
815 167
816 880
816 515
816 275
816 772
816 133
816 631
816 525
816 237
822 835
822 565
822 567
822 295
822 939
829 513
829 802
829 890
830 295
319 583
320 945
320 884
320 447
322 631
322 648
835 33
835 417
835 659
835 356
835 197
835 822
835 567
835 295
835 439
835 75
835 796
835 655
326 211
326 467
326 678
326 765
842 609
842 643
842 163
842 211
842 404
842 679
842 711
842 391
842 104
332 228
845 849
845 565
845 392
845 939
846 144
846 384
846 565
846 133
846 758
846 886
846 41
846 377
846 923
846 141
849 449
849 133
849 901
849 998
849 745
849 458
849 939
849 268
849 845
849 46
849 722
849 755
849 565
849 758
849 250
337 358
337 428
337 253
338 901
338 458
338 428
338 509
343 256
343 33
343 356
343 428
343 431
345 546
345 626
345 755
345 758
345 536
345 9
345 250
347 704
347 626
347 292
347 425
349 166
349 167
349 250
351 205
351 943
356 192
356 835
356 37
356 581
356 774
356 343
356 428
869 167
869 556
358 256
358 337
360 720
360 385
360 404
360 805
360 550
360 567
360 376
360 890
360 75
361 247
880 816
880 515
880 564
880 772
880 133
880 217
880 525
881 940
881 655
881 719
884 320
884 945
886 144
886 384
886 913
886 546
886 133
886 38
886 377
886 846
376 360
376 973
888 531
888 665
888 250
888 940
888 637
377 144
377 384
377 944
377 962
377 133
377 886
377 846
378 437
378 150
378 295
890 805
890 949
890 550
890 567
890 360
890 75
890 923
890 700
890 829
379 205
384 144
384 962
384 275
384 133
384 166
384 886
384 247
384 377
384 846
384 495
896 913
896 546
896 565
385 802
385 39
385 648
385 360
385 157
385 719
388 166
901 849
901 338
901 36
901 631
391 704
391 163
391 232
391 842
903 740
904 515
904 534
904 618
392 845
397 658
397 722
397 250
913 896
913 464
913 546
913 628
913 886
913 24
913 458
913 572
404 360
404 842
407 689
407 289
407 449
407 665
407 507
407 527
407 447
409 144
923 802
923 197
923 166
923 774
923 890
923 846
413 944
413 545
413 458
926 437
926 534
926 458
926 237
927 104
417 835
425 704
425 163
425 136
425 985
425 347
425 812
425 428
939 849
939 626
939 802
939 565
939 822
939 295
939 75
939 845
939 655
940 881
940 531
940 888
940 89
428 704
428 545
428 337
428 338
428 356
428 37
428 581
428 343
428 136
428 761
428 425
431 343
943 952
943 796
943 351
944 609
944 754
944 631
944 377
944 413
945 320
945 961
945 884
945 710
945 717
945 733
945 301
945 447
945 495
437 178
437 150
437 295
437 378
437 926
949 788
949 550
949 890
439 835
439 197
439 166
439 295
439 700
952 943
444 51
444 133
447 320
447 945
447 961
447 546
447 710
447 167
447 407
449 849
449 981
449 631
449 407
449 9
449 765
961 192
961 945
961 710
961 717
961 447
961 495
962 144
962 384
962 609
962 467
962 133
962 377
455 722
455 758
455 250
458 849
458 913
458 338
458 628
458 998
458 986
458 413
458 926
973 376
973 301
973 46
464 913
464 295
467 962
467 564
467 326
981 449
981 237
985 425
986 167
986 458
998 849
998 133
998 631
998 458
489 678
489 631
489 809
489 765
495 384
495 945
495 961
495 546
495 197
495 268
498 631
498 120
498 41
498 509
507 289
507 771
507 36
507 631
507 407
507 141
509 338
509 498
509 581
509 631
496 468
932 718
468 496
468 10
468 171
10 468
10 718
171 468
142 718
718 932
718 10
718 142
705 323
705 11
323 705
323 11
965 11
11 705
11 323
11 965
997 426
997 45
997 878
838 297
614 456
614 137
614 45
743 328
743 137
743 590
743 878
328 743
488 919
488 137
488 426
488 45
488 878
456 614
456 426
456 45
456 878
297 838
297 45
137 614
137 743
137 488
137 45
137 526
137 15
426 997
426 488
426 456
426 878
779 543
45 997
45 614
45 488
45 456
45 297
45 137
45 526
45 878
526 137
526 45
526 15
526 543
302 878
590 743
878 997
878 743
878 488
878 456
878 426
878 45
878 302
15 137
15 526
919 488
543 779
543 526
898 452
898 103
898 983
898 221
483 995
995 483
995 452
452 898
452 995
452 103
452 936
452 221
165 936
165 857
327 221
103 898
103 452
103 28
103 221
103 895
936 452
936 165
983 898
857 165
475 221
28 103
221 898
221 452
221 327
221 103
221 475
895 103
963 883
883 963
883 892
883 316
883 30
980 892
892 883
892 980
892 30
316 883
316 30
30 883
30 892
30 316
848 353
848 34
848 212
848 139
848 540
848 974
353 848
353 563
353 540
594 34
34 848
34 594
34 505
34 474
34 139
34 540
563 353
212 848
505 34
474 34
139 848
139 34
139 540
540 848
540 353
540 34
540 139
974 848
352 366
674 284
262 975
152 284
730 366
730 975
284 674
284 152
284 47
510 47
366 352
366 730
366 47
975 262
975 730
47 284
47 510
47 366
336 646
336 987
336 589
646 336
646 987
646 238
586 987
586 61
586 334
987 336
987 646
987 586
987 334
589 336
61 586
334 586
334 987
238 646
96 753
96 294
753 96
753 68
753 266
596 266
68 753
68 266
294 96
471 335
266 753
266 596
266 68
266 382
266 335
266 175
204 175
382 266
335 471
335 266
175 266
175 204
324 73
324 286
324 591
325 83
325 808
776 73
969 73
969 794
777 329
777 153
329 777
329 314
329 798
329 591
73 99
73 324
73 804
73 776
73 969
73 330
73 493
73 591
73 786
73 405
73 154
73 286
73 255
330 99
330 73
847 405
847 362
591 112
591 99
591 324
591 329
591 73
786 73
83 325
83 154
405 73
405 847
153 992
153 777
153 798
794 969
154 83
154 99
154 73
798 329
798 153
286 324
286 73
992 153
992 751
99 73
99 330
99 154
99 591
804 73
808 325
362 847
493 370
493 73
751 992
112 591
370 493
314 329
255 73
245 311
422 374
374 422
374 311
311 245
311 374
311 76
135 76
76 311
76 135
160 577
160 900
160 636
80 296
577 160
721 487
900 160
341 636
487 721
487 296
487 636
296 80
296 487
636 160
636 341
636 487
448 571
161 642
161 735
642 161
642 735
87 735
571 448
571 735
735 161
735 642
735 87
735 571
769 252
769 223
98 190
931 188
931 190
660 252
660 223
252 769
252 660
252 223
188 931
190 98
190 931
190 223
223 769
223 660
223 252
223 190
688 566
688 263
566 688
566 102
566 263
566 764
102 566
102 263
102 764
263 688
263 566
263 102
263 764
764 566
764 102
764 263
784 957
308 533
308 393
308 957
308 879
533 308
533 573
393 308
393 879
683 140
683 957
140 683
573 533
957 784
957 308
957 683
879 308
879 393
162 412
162 653
412 162
412 877
653 162
877 412
562 519
562 652
519 562
519 652
713 521
713 633
713 201
713 652
521 713
521 633
521 652
521 478
633 713
633 521
633 201
201 713
201 633
201 652
652 562
652 519
652 713
652 521
652 201
478 521
304 518
304 346
273 346
994 346
994 298
994 236
518 304
775 346
346 304
346 273
346 994
346 775
298 994
236 994
236 831
429 831
831 236
831 429
800 793
728 793
793 800
793 728
793 810
793 941
249 941
810 793
941 793
941 249
354 709
354 661
354 254
389 709
389 492
709 354
709 389
709 934
709 599
709 872
709 958
934 709
934 872
934 958
872 709
872 934
872 731
872 958
811 731
811 285
492 389
661 354
470 285
599 709
731 872
731 811
285 470
285 811
958 709
958 934
958 872
254 354
608 411
400 741
400 569
741 400
741 411
569 400
825 411
411 608
411 741
411 825
852 457
852 862
457 852
702 862
862 852
862 702
