512 557
516 535
517 132
5 548
5 644
5 773
5 214
5 666
5 906
5 603
523 348
523 270
524 915
528 182
528 230
528 502
529 340
529 585
529 921
529 348
529 750
529 63
529 623
17 676
17 265
17 908
17 557
17 445
17 63
530 593
530 369
530 466
530 851
530 933
530 86
530 278
530 729
530 762
530 607
530 687
535 833
535 387
535 516
535 100
535 438
541 436
541 54
542 438
542 603
542 173
542 767
31 340
31 182
31 585
547 403
547 184
547 697
548 480
548 227
548 5
548 773
548 984
548 666
548 317
549 737
549 231
549 430
552 978
552 307
552 158
553 833
553 387
43 978
43 414
555 91
557 512
557 17
557 982
558 453
558 438
558 74
558 106
558 749
558 559
559 453
559 231
559 359
559 749
559 558
560 359
560 170
560 762
560 687
48 116
48 454
48 174
52 801
52 851
52 84
52 885
52 170
52 762
52 687
52 959
54 265
54 156
54 541
54 94
55 893
57 928
57 418
57 147
57 851
57 885
57 494
57 687
59 279
59 687
60 305
60 401
60 179
60 917
60 187
60 747
60 77
60 959
63 529
63 17
63 94
63 814
576 585
64 355
64 222
65 593
65 434
65 630
65 74
65 813
65 414
578 858
67 497
67 807
67 504
67 79
580 454
580 664
580 424
580 317
72 801
72 118
72 972
72 687
584 645
584 477
585 576
585 529
585 854
585 459
585 669
585 31
585 671
74 65
74 418
74 434
74 644
74 820
74 603
74 235
74 558
74 767
587 854
587 508
588 644
588 436
77 305
77 497
77 964
77 823
77 281
77 60
77 396
77 959
78 129
78 699
78 671
79 497
79 67
79 807
79 248
593 65
593 369
593 530
593 196
593 278
593 729
593 605
593 687
593 767
84 52
84 196
84 508
84 462
86 530
86 851
86 729
86 762
598 194
598 95
600 177
600 497
600 124
600 908
600 173
601 645
91 834
91 978
91 195
91 230
91 647
91 555
91 107
91 876
91 988
603 179
603 100
603 644
603 820
603 5
603 231
603 807
603 74
603 173
603 542
603 430
603 767
93 760
605 240
605 593
605 953
605 606
94 54
94 889
94 63
94 623
94 671
606 885
606 664
606 107
606 605
607 530
607 293
95 598
95 359
100 210
100 438
100 535
100 603
100 767
616 357
616 732
616 477
106 558
107 176
107 834
107 676
107 91
107 908
107 606
108 270
621 418
621 434
622 257
622 258
622 882
622 699
622 669
622 222
623 529
623 418
623 94
624 837
113 224
627 240
116 48
116 928
116 248
116 174
630 65
630 966
118 801
118 72
121 248
121 312
121 699
121 988
634 242
634 148
634 436
634 982
634 394
634 380
634 908
634 173
124 600
124 889
126 737
126 644
126 231
126 807
638 996
638 773
638 396
638 669
639 196
639 485
128 424
641 915
641 823
641 999
641 270
129 480
129 227
129 78
131 180
131 933
131 908
132 517
132 235
132 908
644 224
644 737
644 5
644 231
644 807
644 74
644 603
644 588
644 732
644 828
644 126
645 928
645 177
645 209
645 584
645 601
645 313
134 663
134 207
647 230
647 91
647 988
650 224
650 953
650 414
654 305
654 964
656 434
656 827
147 57
148 209
148 982
148 889
148 634
148 394
662 288
662 972
663 134
663 438
664 580
664 999
664 508
664 606
664 270
666 548
666 5
666 773
156 54
669 257
669 434
669 996
669 933
669 312
669 585
669 622
669 638
158 480
158 833
158 978
158 214
158 552
671 854
671 712
671 585
671 508
671 78
671 94
671 222
676 176
676 17
676 306
676 418
676 281
676 107
676 430
164 359
164 760
681 242
681 403
681 436
681 280
681 170
681 380
170 560
170 497
170 52
170 807
170 359
170 344
170 681
173 982
173 600
173 281
173 889
173 634
173 394
173 603
173 542
173 767
174 48
174 195
174 116
687 801
687 72
687 747
687 560
687 593
687 530
687 466
687 851
687 52
687 885
687 57
687 729
687 762
687 59
176 851
176 676
176 372
176 310
176 279
176 281
176 762
176 394
176 107
177 321
177 227
177 645
177 277
177 600
177 394
177 908
179 305
179 603
179 60
180 131
180 814
693 480
693 307
693 508
693 797
693 989
182 528
182 434
182 773
182 502
182 31
695 870
184 547
184 390
184 187
697 209
697 547
697 350
698 789
698 699
698 222
186 737
186 231
186 807
186 732
699 121
699 698
699 893
699 78
699 622
187 917
187 184
187 60
194 598
194 797
195 321
195 882
195 307
195 851
195 230
195 966
195 424
195 729
195 91
195 876
195 861
195 174
196 593
196 84
196 462
196 639
708 240
708 350
712 355
712 797
712 671
716 434
207 837
207 134
207 348
207 222
209 148
209 645
209 697
210 100
210 317
725 288
725 828
214 433
214 978
214 979
214 836
214 5
214 773
214 158
727 747
729 593
729 530
729 195
729 851
729 86
729 762
729 687
729 783
732 737
732 644
732 231
732 616
732 186
732 828
222 64
222 226
222 312
222 698
222 622
222 671
222 207
224 113
224 644
224 836
224 650
224 394
224 942
737 644
737 549
737 231
737 807
737 186
737 732
737 828
737 126
737 799
226 227
226 222
227 129
227 177
227 226
227 548
227 984
227 430
230 528
230 195
230 647
230 91
231 737
231 242
231 644
231 549
231 807
231 186
231 603
231 732
231 126
231 430
231 559
747 727
747 762
747 60
747 687
235 257
235 418
235 434
235 132
235 438
235 74
235 971
235 767
749 558
749 559
750 529
240 627
240 708
240 502
240 953
240 605
242 403
242 436
242 231
242 280
242 681
242 634
242 380
248 928
248 321
248 116
248 424
248 121
248 953
248 971
248 79
760 164
760 359
760 984
760 265
760 93
762 560
762 176
762 530
762 851
762 52
762 372
762 86
762 454
762 792
762 729
762 747
762 687
767 593
767 434
767 100
767 485
767 74
767 906
767 603
767 235
767 173
767 542
768 982
768 508
257 434
257 235
257 971
257 669
257 622
258 893
258 622
261 280
773 288
773 548
773 996
773 5
773 485
773 182
773 214
773 502
773 666
773 638
265 17
265 306
265 54
265 760
265 984
265 443
265 380
265 430
270 641
270 999
270 664
270 523
270 108
270 348
783 729
785 390
785 950
785 972
277 177
789 698
789 317
278 593
278 530
278 851
279 176
279 59
279 283
792 762
280 242
280 436
280 261
280 681
280 959
281 865
281 676
281 964
281 870
281 394
281 77
281 173
281 176
281 305
281 310
281 823
281 443
281 959
283 279
797 194
797 693
797 293
797 712
799 737
799 828
288 725
288 773
288 662
288 828
801 834
801 851
801 52
801 885
801 118
801 72
801 687
293 480
293 854
293 797
293 813
293 861
293 607
807 737
807 497
807 67
807 644
807 231
807 170
807 186
807 603
807 126
807 430
807 79
813 65
813 293
813 854
814 180
814 63
305 179
305 964
305 823
305 281
305 60
305 77
305 654
305 959
306 676
306 265
306 443
307 195
307 693
307 438
307 552
307 424
820 74
820 603
820 827
310 176
310 851
310 281
310 953
310 394
823 641
823 305
823 497
823 915
823 999
823 281
823 77
823 959
312 933
312 121
312 669
312 222
313 645
313 317
827 656
827 820
828 288
828 737
828 355
828 644
828 725
828 732
828 799
317 210
317 548
317 580
317 789
317 313
833 978
833 387
833 485
833 535
833 553
833 158
321 480
321 177
321 195
321 248
834 801
834 978
834 851
834 979
834 885
834 91
834 107
836 224
836 214
837 624
837 348
837 207
851 801
851 834
851 195
851 687
851 176
851 530
851 52
851 885
851 86
851 278
851 310
851 982
851 57
851 729
851 762
851 861
340 529
340 430
340 31
854 480
854 293
854 585
854 587
854 459
854 813
854 671
344 359
344 170
858 578
858 971
348 529
348 837
348 523
348 270
348 207
861 993
861 195
861 851
861 293
861 876
350 355
350 708
350 357
350 697
865 281
865 906
355 64
355 712
355 828
355 956
355 350
357 616
357 350
870 695
870 281
870 443
359 560
359 164
359 760
359 344
359 170
359 396
359 559
359 95
876 195
876 454
876 889
876 91
876 861
369 593
369 530
369 387
882 195
882 622
372 176
372 762
885 801
885 834
885 851
885 52
885 57
885 606
885 494
885 687
889 148
889 982
889 394
889 124
889 876
889 173
889 94
380 242
380 403
380 436
380 681
380 265
380 634
380 396
893 258
893 55
893 699
387 833
387 369
387 482
387 485
387 535
387 553
387 942
390 785
390 184
390 953
394 176
394 224
394 177
394 148
394 310
394 982
394 281
394 889
394 634
394 173
906 865
906 5
906 767
396 359
396 380
396 77
396 638
908 17
908 177
908 131
908 132
908 453
908 600
908 634
908 107
401 454
401 60
915 641
915 823
915 524
403 242
403 547
403 436
403 681
403 380
917 950
917 187
917 60
921 529
921 477
414 65
414 650
414 43
928 116
928 645
928 248
928 57
418 434
418 676
418 438
418 57
418 74
418 235
418 621
418 623
933 530
933 131
933 996
933 312
933 669
424 128
424 195
424 307
424 580
424 248
942 224
942 387
430 227
430 676
430 340
430 549
430 231
430 807
430 984
430 265
430 603
433 978
433 214
434 656
434 65
434 257
434 418
434 182
434 966
434 74
434 235
434 716
434 621
434 669
434 767
436 242
436 403
436 453
436 280
436 681
436 634
436 588
436 380
436 541
438 418
438 307
438 100
438 535
438 663
438 235
438 542
438 558
950 785
950 917
953 240
953 310
953 390
953 248
953 650
953 605
443 306
443 870
443 265
443 281
956 355
445 17
959 305
959 52
959 964
959 823
959 280
959 281
959 60
959 77
964 305
964 281
964 77
964 654
964 959
453 436
453 908
453 558
453 559
966 434
966 195
966 630
966 454
454 48
454 401
454 580
454 966
454 762
454 876
459 854
459 585
971 257
971 248
971 858
971 235
972 785
972 662
972 72
462 84
462 196
978 480
978 833
978 433
978 834
978 979
978 214
978 552
978 43
978 91
978 158
466 530
466 687
979 834
979 978
979 214
982 768
982 851
982 148
982 889
982 634
982 394
982 557
982 173
984 227
984 548
984 760
984 265
984 430
988 647
988 121
988 91
989 693
989 508
477 584
477 616
477 921
480 129
480 321
480 978
480 548
480 693
480 293
480 854
480 158
993 861
482 387
996 773
996 933
996 669
996 638
485 833
485 387
485 773
485 639
485 767
999 641
999 823
999 664
999 270
494 885
494 57
497 67
497 807
497 823
497 600
497 170
497 77
497 79
502 528
502 240
502 773
502 182
504 67
508 768
508 84
508 693
508 664
508 587
508 989
508 671
