513 704
513 292
513 25
513 829
515 816
515 880
515 772
515 904
515 268
6 208
6 7
7 6
7 686
9 449
9 658
9 722
9 755
9 758
9 536
9 345
12 192
12 33
12 545
525 816
525 880
525 25
527 640
527 407
18 289
19 595
531 888
531 940
531 637
21 228
21 812
534 904
534 926
24 913
24 628
536 546
536 722
536 758
536 168
536 9
536 345
25 513
25 626
25 292
25 525
538 141
32 640
32 765
33 835
33 343
33 12
545 704
545 192
545 208
545 626
545 761
545 12
545 428
545 413
545 655
546 192
546 896
546 913
546 722
546 758
546 886
546 536
546 345
546 46
546 447
546 495
36 901
36 631
36 507
37 356
37 581
37 428
550 805
550 949
550 567
550 360
550 890
550 205
38 886
39 385
39 197
39 583
39 75
41 498
41 565
41 133
41 631
41 846
556 869
556 250
46 849
46 546
46 658
46 722
46 755
46 758
46 648
46 250
46 973
51 444
564 880
564 467
565 896
565 802
565 197
565 166
565 583
565 295
565 41
565 75
565 939
565 845
565 846
565 849
565 822
565 567
567 802
567 835
567 565
567 197
567 805
567 550
567 822
567 295
567 360
567 890
567 655
572 913
572 595
572 812
581 356
581 37
581 428
581 509
583 565
583 39
583 319
75 802
75 835
75 565
75 197
75 39
75 295
75 360
75 890
75 939
595 704
595 192
595 770
595 19
595 572
89 940
89 733
609 944
609 962
609 104
609 842
104 609
104 842
104 927
618 904
626 192
626 208
626 545
626 292
626 25
626 761
626 345
626 347
626 939
626 719
628 913
628 24
628 458
631 449
631 322
631 36
631 772
631 901
631 998
631 200
631 41
631 809
631 489
631 682
631 237
631 816
631 944
631 498
631 507
631 509
120 498
120 771
635 197
635 805
635 166
635 774
637 689
637 531
637 149
637 679
637 711
637 888
637 765
640 32
640 771
640 527
643 842
643 700
133 144
133 816
133 880
133 384
133 849
133 962
133 886
133 998
133 41
133 377
133 444
133 846
136 704
136 425
136 428
648 385
648 322
648 659
648 163
648 812
648 46
141 538
141 507
141 846
655 545
655 881
655 835
655 567
655 295
655 939
143 289
143 739
143 218
144 384
144 962
144 133
144 886
144 377
144 409
144 846
658 722
658 755
658 758
658 9
658 250
658 397
658 46
659 835
659 648
659 809
659 812
149 637
150 178
150 437
150 151
150 295
150 378
151 150
665 289
665 407
665 888
157 385
157 163
157 812
163 391
163 648
163 425
163 842
163 812
163 157
678 326
678 809
678 489
678 765
166 384
166 241
166 388
166 565
166 197
166 774
166 439
166 635
166 923
166 700
166 349
679 842
679 637
167 689
167 869
167 986
167 349
167 815
167 447
168 722
168 536
169 241
682 631
686 7
689 167
689 407
689 637
689 237
689 765
178 437
178 150
183 765
700 643
700 197
700 166
700 439
700 890
189 275
704 513
704 545
704 770
704 595
704 391
704 136
704 425
704 347
704 428
192 545
192 961
192 546
192 626
192 595
192 356
192 761
192 12
197 835
197 166
197 774
197 39
197 75
197 495
197 241
197 565
197 567
197 439
197 635
197 923
197 700
710 945
710 961
710 717
710 447
711 842
711 637
200 631
717 945
717 961
717 710
717 733
205 550
205 379
205 351
719 881
719 385
719 626
720 360
208 545
208 626
208 6
722 849
722 546
722 658
722 755
722 758
722 455
722 536
722 168
722 9
722 250
722 397
722 46
211 326
211 842
211 765
217 880
218 740
218 237
218 143
733 945
733 89
733 717
739 289
739 143
228 21
228 332
740 903
740 218
740 237
232 391
745 849
237 816
237 689
237 740
237 981
237 631
237 218
237 926
241 802
241 197
241 166
241 169
754 944
755 849
755 658
755 722
755 758
755 9
755 345
755 250
755 46
758 849
758 546
758 658
758 722
758 755
758 455
758 536
758 9
758 345
758 250
758 46
758 846
247 384
247 361
761 192
761 545
761 626
761 428
250 849
250 658
250 722
250 755
250 758
250 455
250 888
250 345
250 556
250 349
250 397
250 46
253 337
765 32
765 689
765 449
765 211
765 678
765 326
765 183
765 809
765 489
765 637
256 358
256 343
770 704
770 595
771 640
771 120
771 507
772 816
772 880
772 515
772 631
774 356
774 197
774 166
774 635
774 923
268 849
268 515
268 495
275 816
275 384
275 189
788 949
796 835
796 943
289 18
289 739
289 407
289 665
289 507
289 143
802 241
802 385
802 565
802 567
802 295
802 75
802 923
802 939
802 829
292 513
292 626
292 25
292 347
805 550
805 567
805 360
805 890
805 635
295 802
295 835
295 75
295 939
295 655
295 464
295 565
295 437
295 150
295 822
295 567
295 439
295 378
295 830
809 659
809 678
809 631
809 489
809 765
812 659
812 163
812 21
812 648
812 425
812 572
812 157
301 945
301 973
815 167
816 880
816 515
816 275
816 772
816 133
816 631
816 525
816 237
822 835
822 565
822 567
822 295
822 939
829 513
829 802
829 890
830 295
319 583
320 945
320 884
320 447
322 631
322 648
835 33
835 417
835 659
835 356
835 197
835 822
835 567
835 295
835 439
835 75
835 796
835 655
326 211
326 467
326 678
326 765
842 609
842 643
842 163
842 211
842 404
842 679
842 711
842 391
842 104
332 228
845 849
845 565
845 392
845 939
846 144
846 384
846 565
846 133
846 758
846 886
846 41
846 377
846 923
846 141
849 449
849 133
849 901
849 998
849 745
849 458
849 939
849 268
849 845
849 46
849 722
849 755
849 565
849 758
849 250
337 358
337 428
337 253
338 901
338 458
338 428
338 509
343 256
343 33
343 356
343 428
343 431
345 546
345 626
345 755
345 758
345 536
345 9
345 250
347 704
347 626
347 292
347 425
349 166
349 167
349 250
351 205
351 943
356 192
356 835
356 37
356 581
356 774
356 343
356 428
869 167
869 556
358 256
358 337
360 720
360 385
360 404
360 805
360 550
360 567
360 376
360 890
360 75
361 247
880 816
880 515
880 564
880 772
880 133
880 217
880 525
881 940
881 655
881 719
884 320
884 945
886 144
886 384
886 913
886 546
886 133
886 38
886 377
886 846
376 360
376 973
888 531
888 665
888 250
888 940
888 637
377 144
377 384
377 944
377 962
377 133
377 886
377 846
378 437
378 150
378 295
890 805
890 949
890 550
890 567
890 360
890 75
890 923
890 700
890 829
379 205
384 144
384 962
384 275
384 133
384 166
384 886
384 247
384 377
384 846
384 495
896 913
896 546
896 565
385 802
385 39
385 648
385 360
385 157
385 719
388 166
901 849
901 338
901 36
901 631
391 704
391 163
391 232
391 842
903 740
904 515
904 534
904 618
392 845
397 658
397 722
397 250
913 896
913 464
913 546
913 628
913 886
913 24
913 458
913 572
404 360
404 842
407 689
407 289
407 449
407 665
407 507
407 527
407 447
409 144
923 802
923 197
923 166
923 774
923 890
923 846
413 944
413 545
413 458
926 437
926 534
926 458
926 237
927 104
417 835
425 704
425 163
425 136
425 985
425 347
425 812
425 428
939 849
939 626
939 802
939 565
939 822
939 295
939 75
939 845
939 655
940 881
940 531
940 888
940 89
428 704
428 545
428 337
428 338
428 356
428 37
428 581
428 343
428 136
428 761
428 425
431 343
943 952
943 796
943 351
944 609
944 754
944 631
944 377
944 413
945 320
945 961
945 884
945 710
945 717
945 733
945 301
945 447
945 495
437 178
437 150
437 295
437 378
437 926
949 788
949 550
949 890
439 835
439 197
439 166
439 295
439 700
952 943
444 51
444 133
447 320
447 945
447 961
447 546
447 710
447 167
447 407
449 849
449 981
449 631
449 407
449 9
449 765
961 192
961 945
961 710
961 717
961 447
961 495
962 144
962 384
962 609
962 467
962 133
962 377
455 722
455 758
455 250
458 849
458 913
458 338
458 628
458 998
458 986
458 413
458 926
973 376
973 301
973 46
464 913
464 295
467 962
467 564
467 326
981 449
981 237
985 425
986 167
986 458
998 849
998 133
998 631
998 458
489 678
489 631
489 809
489 765
495 384
495 945
495 961
495 546
495 197
495 268
498 631
498 120
498 41
498 509
507 289
507 771
507 36
507 631
507 407
507 141
509 338
509 498
509 581
509 631
