324 73
324 286
324 591
325 83
325 808
776 73
969 73
969 794
777 329
777 153
329 777
329 314
329 798
329 591
73 99
73 324
73 804
73 776
73 969
73 330
73 493
73 591
73 786
73 405
73 154
73 286
73 255
330 99
330 73
847 405
847 362
591 112
591 99
591 324
591 329
591 73
786 73
83 325
83 154
405 73
405 847
153 992
153 777
153 798
794 969
154 83
154 99
154 73
798 329
798 153
286 324
286 73
992 153
992 751
99 73
99 330
99 154
99 591
804 73
808 325
362 847
493 370
493 73
751 992
112 591
370 493
314 329
255 73
