2 16
2 691
2 795
2 476
2 381
451 850
579 967
967 579
967 309
967 871
967 185
967 331
967 911
967 271
8 920
331 309
331 967
331 185
331 271
911 967
271 692
271 309
271 967
271 185
271 331
912 368
912 481
912 850
912 691
912 371
912 742
16 465
16 2
16 691
16 938
16 172
16 303
465 16
465 371
465 790
465 938
465 58
465 219
465 127
850 912
850 817
850 451
850 371
850 53
850 742
850 215
850 476
339 368
339 871
790 465
790 371
215 368
215 850
215 691
215 371
215 53
215 742
215 427
215 315
215 127
920 368
920 691
920 742
920 8
920 476
922 381
795 2
219 465
859 692
859 821
476 368
476 2
476 850
476 691
476 371
476 742
476 920
476 172
476 303
481 912
742 912
742 850
742 691
742 371
742 117
742 53
742 215
742 920
742 427
742 476
742 127
935 821
935 381
871 339
871 967
938 16
938 465
427 117
427 742
427 215
172 16
172 691
172 476
172 303
303 16
303 691
303 476
303 172
368 912
368 339
368 691
368 371
368 53
368 821
368 215
368 920
368 185
368 476
368 127
817 850
817 371
691 2
691 742
691 172
691 303
691 912
691 16
691 368
691 371
691 53
691 821
691 215
691 920
691 476
691 127
371 742
371 912
371 368
371 465
371 817
371 850
371 691
371 757
371 53
371 790
371 215
371 476
371 127
692 821
692 859
692 381
692 271
757 371
757 127
117 742
117 427
53 368
53 850
53 691
53 371
53 742
53 215
821 368
821 691
821 692
821 935
821 859
821 381
309 967
309 185
309 331
309 271
185 368
185 309
185 967
185 331
185 271
58 465
315 215
381 2
381 692
381 821
381 935
381 922
127 368
127 465
127 691
127 371
127 757
127 742
127 215
